wind speed (m/s);significant wave height (m)
10.9;9.65
10.850000000000001;9.65
10.850000000000001;9.600000000000001
10.8;9.600000000000001
10.75;9.600000000000001
10.700000000000001;9.600000000000001
10.65;9.600000000000001
10.600000000000001;9.600000000000001
10.600000000000001;9.55
10.55;9.55
10.5;9.55
10.450000000000001;9.55
10.4;9.55
10.4;9.5
10.350000000000001;9.5
10.3;9.5
10.25;9.5
10.200000000000001;9.5
10.15;9.5
10.15;9.450000000000001
10.100000000000001;9.450000000000001
10.05;9.450000000000001
10.0;9.450000000000001
9.950000000000001;9.450000000000001
9.950000000000001;9.4
9.9;9.4
9.850000000000001;9.4
9.8;9.4
9.75;9.4
9.700000000000001;9.4
9.700000000000001;9.35
9.65;9.35
9.600000000000001;9.35
9.55;9.35
9.5;9.35
9.450000000000001;9.35
9.450000000000001;9.3
9.4;9.3
9.35;9.3
9.3;9.3
9.25;9.3
9.200000000000001;9.3
9.200000000000001;9.25
9.15;9.25
9.1;9.25
9.05;9.25
9.0;9.25
8.950000000000001;9.25
8.9;9.25
8.9;9.200000000000001
8.85;9.200000000000001
8.8;9.200000000000001
8.75;9.200000000000001
8.700000000000001;9.200000000000001
8.65;9.200000000000001
8.65;9.15
8.6;9.15
8.55;9.15
8.5;9.15
8.450000000000001;9.15
8.4;9.15
8.35;9.15
8.35;9.1
8.3;9.1
8.25;9.1
8.200000000000001;9.1
8.15;9.1
8.1;9.1
8.05;9.1
8.05;9.05
8.0;9.05
7.95;9.05
7.9;9.05
7.8500000000000005;9.05
7.800000000000001;9.05
7.75;9.05
7.7;9.05
7.7;9.0
7.65;9.0
7.6000000000000005;9.0
7.550000000000001;9.0
7.5;9.0
7.45;9.0
7.4;9.0
7.4;8.950000000000001
7.3500000000000005;8.950000000000001
7.300000000000001;8.950000000000001
7.25;8.950000000000001
7.2;8.950000000000001
7.15;8.950000000000001
7.1000000000000005;8.950000000000001
7.050000000000001;8.950000000000001
7.0;8.950000000000001
7.0;8.9
6.95;8.9
6.9;8.9
6.8500000000000005;8.9
6.800000000000001;8.9
6.75;8.9
6.7;8.9
6.65;8.9
6.65;8.85
6.6000000000000005;8.85
6.550000000000001;8.85
6.5;8.85
6.45;8.85
6.4;8.85
6.3500000000000005;8.85
6.300000000000001;8.85
6.25;8.85
6.2;8.85
6.2;8.8
6.15;8.8
6.1000000000000005;8.8
6.050000000000001;8.8
6.0;8.8
5.95;8.8
5.9;8.8
5.8500000000000005;8.8
5.800000000000001;8.8
5.75;8.8
5.75;8.75
5.7;8.75
5.65;8.75
5.6000000000000005;8.75
5.550000000000001;8.75
5.5;8.75
5.45;8.75
5.4;8.75
5.3500000000000005;8.75
5.300000000000001;8.75
5.25;8.75
5.2;8.75
5.2;8.700000000000001
5.15;8.700000000000001
5.1000000000000005;8.700000000000001
5.050000000000001;8.700000000000001
5.0;8.700000000000001
4.95;8.700000000000001
4.9;8.700000000000001
4.8500000000000005;8.700000000000001
4.800000000000001;8.700000000000001
4.75;8.700000000000001
4.7;8.700000000000001
4.65;8.700000000000001
4.6000000000000005;8.700000000000001
4.55;8.700000000000001
4.5;8.700000000000001
4.5;8.65
4.45;8.65
4.4;8.65
4.3500000000000005;8.65
4.3;8.65
4.25;8.65
4.2;8.65
4.15;8.65
4.1000000000000005;8.65
4.05;8.65
4.0;8.65
3.95;8.65
3.9000000000000004;8.65
3.85;8.65
3.8000000000000003;8.65
3.75;8.65
3.7;8.65
3.6500000000000004;8.65
3.6;8.65
3.5500000000000003;8.65
3.5;8.65
3.45;8.65
3.4000000000000004;8.65
3.35;8.65
3.3000000000000003;8.65
3.25;8.65
3.2;8.65
3.1500000000000004;8.65
3.1;8.65
3.0500000000000003;8.65
3.0;8.65
2.95;8.65
2.9000000000000004;8.65
2.85;8.65
2.8000000000000003;8.65
2.75;8.65
2.7;8.65
2.6500000000000004;8.65
2.6;8.65
2.5500000000000003;8.65
2.5;8.65
2.45;8.65
2.4000000000000004;8.65
2.35;8.65
2.3000000000000003;8.65
2.25;8.65
2.2;8.65
2.15;8.65
2.1;8.65
2.0500000000000003;8.65
2.0;8.65
1.9500000000000002;8.65
1.9000000000000001;8.65
1.85;8.65
1.8;8.65
1.75;8.65
1.7000000000000002;8.65
1.7000000000000002;8.700000000000001
1.6500000000000001;8.700000000000001
1.6;8.700000000000001
1.55;8.700000000000001
1.5;8.700000000000001
1.4500000000000002;8.700000000000001
1.4000000000000001;8.700000000000001
1.35;8.700000000000001
1.3;8.700000000000001
1.25;8.700000000000001
1.2000000000000002;8.700000000000001
1.1500000000000001;8.700000000000001
1.1;8.700000000000001
1.05;8.700000000000001
1.0;8.700000000000001
0.9500000000000001;8.700000000000001
0.9;8.700000000000001
0.8500000000000001;8.700000000000001
0.8;8.700000000000001
0.75;8.700000000000001
0.7000000000000001;8.700000000000001
0.7000000000000001;8.65
0.65;8.65
0.6000000000000001;8.65
0.55;8.65
0.5;8.65
0.5;8.6
0.45;8.6
0.4;8.6
0.35000000000000003;8.6
0.35000000000000003;8.55
0.30000000000000004;8.55
0.30000000000000004;8.5
0.25;8.5
0.25;8.450000000000001
0.2;8.450000000000001
0.2;8.4
0.2;8.35
0.15000000000000002;8.35
0.15000000000000002;8.3
0.15000000000000002;8.25
0.1;8.25
0.1;8.200000000000001
0.1;8.15
0.1;8.1
0.1;8.05
0.05;8.05
0.05;8.0
0.05;7.95
0.05;7.9
0.05;7.8500000000000005
0.05;7.800000000000001
0.05;7.75
0.05;7.7
0.05;7.65
0.05;7.6000000000000005
0.05;7.550000000000001
0.05;7.5
0.05;7.45
0.05;7.4
0.05;7.3500000000000005
0.05;7.300000000000001
0.05;7.25
0.05;7.2
0.05;7.15
0.05;7.1000000000000005
0.05;7.050000000000001
0.05;7.0
0.05;6.95
0.05;6.9
0.0;6.9
0.0;6.8500000000000005
0.0;6.800000000000001
0.0;6.75
0.0;6.7
0.0;6.65
0.0;6.6000000000000005
0.0;6.550000000000001
0.0;6.5
0.0;6.45
0.0;6.4
0.0;6.3500000000000005
0.0;6.300000000000001
0.0;6.25
0.0;6.2
0.0;6.15
0.0;6.1000000000000005
0.0;6.050000000000001
0.0;6.0
0.0;5.95
0.0;5.9
0.0;5.8500000000000005
0.0;5.800000000000001
0.0;5.75
0.0;5.7
0.0;5.65
0.0;5.6000000000000005
0.0;5.550000000000001
0.0;5.5
0.0;5.45
0.0;5.4
0.0;5.3500000000000005
0.0;5.300000000000001
0.0;5.25
0.0;5.2
0.0;5.15
0.0;5.1000000000000005
0.0;5.050000000000001
0.0;5.0
0.0;4.95
0.0;4.9
0.0;4.8500000000000005
0.0;4.800000000000001
0.0;4.75
0.0;4.7
0.0;4.65
0.0;4.6000000000000005
0.0;4.55
0.0;4.5
0.0;4.45
0.0;4.4
0.0;4.3500000000000005
0.0;4.3
0.0;4.25
0.0;4.2
0.0;4.15
0.0;4.1000000000000005
0.0;4.05
0.0;4.0
0.0;3.95
0.0;3.9000000000000004
0.0;3.85
0.0;3.8000000000000003
0.0;3.75
0.0;3.7
0.0;3.6500000000000004
0.0;3.6
0.0;3.5500000000000003
0.0;3.5
0.0;3.45
0.0;3.4000000000000004
0.0;3.35
0.0;3.3000000000000003
0.0;3.25
0.0;3.2
0.0;3.1500000000000004
0.0;3.1
0.0;3.0500000000000003
0.0;3.0
0.0;2.95
0.0;2.9000000000000004
0.0;2.85
0.0;2.8000000000000003
0.0;2.75
0.0;2.7
0.0;2.6500000000000004
0.0;2.6
0.0;2.5500000000000003
0.0;2.5
0.0;2.45
0.0;2.4000000000000004
0.0;2.35
0.0;2.3000000000000003
0.0;2.25
0.0;2.2
0.0;2.15
0.0;2.1
0.0;2.0500000000000003
0.0;2.0
0.0;1.9500000000000002
0.0;1.9000000000000001
0.0;1.85
0.0;1.8
0.0;1.75
0.0;1.7000000000000002
0.0;1.6500000000000001
0.0;1.6
0.0;1.55
0.0;1.5
0.0;1.4500000000000002
0.0;1.4000000000000001
0.0;1.35
0.0;1.3
0.0;1.25
0.0;1.2000000000000002
0.0;1.1500000000000001
0.0;1.1
0.0;1.05
0.0;1.0
0.0;0.9500000000000001
0.0;0.9
0.0;0.8500000000000001
0.0;0.8
0.0;0.75
0.0;0.7000000000000001
0.0;0.65
0.0;0.6000000000000001
0.0;0.55
0.0;0.5
0.0;0.45
0.0;0.4
0.0;0.35000000000000003
0.0;0.30000000000000004
0.0;0.25
0.0;0.2
0.0;0.15000000000000002
0.0;0.1
0.0;0.05
0.05;0.05
0.1;0.05
0.15000000000000002;0.05
0.2;0.05
0.25;0.05
0.30000000000000004;0.05
0.35000000000000003;0.05
0.4;0.05
0.45;0.05
0.5;0.05
0.55;0.05
0.6000000000000001;0.05
0.65;0.05
0.7000000000000001;0.05
0.75;0.05
0.8;0.05
0.8500000000000001;0.05
0.9;0.05
0.9500000000000001;0.05
1.0;0.05
1.05;0.05
1.1;0.05
1.1500000000000001;0.05
1.2000000000000002;0.05
1.25;0.05
1.3;0.05
1.35;0.05
1.4000000000000001;0.05
1.4500000000000002;0.05
1.5;0.05
1.55;0.05
1.6;0.05
1.6500000000000001;0.05
1.7000000000000002;0.05
1.75;0.05
1.8;0.05
1.85;0.05
1.9000000000000001;0.05
1.9500000000000002;0.05
2.0;0.05
2.0500000000000003;0.05
2.1;0.05
2.15;0.05
2.2;0.05
2.25;0.05
2.3000000000000003;0.05
2.35;0.05
2.4000000000000004;0.05
2.45;0.05
2.5;0.05
2.5500000000000003;0.05
2.6;0.05
2.6500000000000004;0.05
2.7;0.05
2.75;0.05
2.8000000000000003;0.05
2.85;0.05
2.9000000000000004;0.05
2.95;0.05
3.0;0.05
3.0500000000000003;0.05
3.1;0.05
3.1500000000000004;0.05
3.2;0.05
3.25;0.05
3.3000000000000003;0.05
3.35;0.05
3.4000000000000004;0.05
3.45;0.05
3.5;0.05
3.5500000000000003;0.05
3.6;0.05
3.6500000000000004;0.05
3.7;0.05
3.75;0.05
3.8000000000000003;0.05
3.85;0.05
3.9000000000000004;0.05
3.95;0.05
4.0;0.05
4.05;0.05
4.1000000000000005;0.05
4.15;0.05
4.2;0.05
4.25;0.05
4.3;0.05
4.3500000000000005;0.05
4.4;0.05
4.45;0.05
4.5;0.05
4.55;0.05
4.6000000000000005;0.05
4.65;0.05
4.7;0.05
4.75;0.05
4.800000000000001;0.05
4.8500000000000005;0.05
4.9;0.05
4.95;0.05
5.0;0.05
5.050000000000001;0.05
5.1000000000000005;0.05
5.15;0.05
5.2;0.05
5.25;0.05
5.300000000000001;0.05
5.3500000000000005;0.05
5.4;0.05
5.45;0.05
5.45;0.1
5.5;0.1
5.550000000000001;0.1
5.6000000000000005;0.1
5.65;0.1
5.7;0.1
5.75;0.1
5.800000000000001;0.1
5.8500000000000005;0.1
5.9;0.1
5.95;0.1
6.0;0.1
6.050000000000001;0.1
6.1000000000000005;0.1
6.15;0.1
6.2;0.1
6.25;0.1
6.300000000000001;0.1
6.3500000000000005;0.1
6.4;0.1
6.45;0.1
6.5;0.1
6.550000000000001;0.1
6.6000000000000005;0.1
6.65;0.1
6.7;0.1
6.75;0.1
6.800000000000001;0.1
6.8500000000000005;0.1
6.9;0.1
6.95;0.1
7.0;0.1
7.050000000000001;0.1
7.1000000000000005;0.1
7.15;0.1
7.2;0.1
7.25;0.1
7.300000000000001;0.1
7.3500000000000005;0.1
7.4;0.1
7.4;0.15000000000000002
7.45;0.15000000000000002
7.5;0.15000000000000002
7.550000000000001;0.15000000000000002
7.6000000000000005;0.15000000000000002
7.65;0.15000000000000002
7.7;0.15000000000000002
7.75;0.15000000000000002
7.800000000000001;0.15000000000000002
7.8500000000000005;0.15000000000000002
7.9;0.15000000000000002
7.95;0.15000000000000002
8.0;0.15000000000000002
8.05;0.15000000000000002
8.1;0.15000000000000002
8.15;0.15000000000000002
8.200000000000001;0.15000000000000002
8.25;0.15000000000000002
8.3;0.15000000000000002
8.35;0.15000000000000002
8.4;0.15000000000000002
8.450000000000001;0.15000000000000002
8.5;0.15000000000000002
8.55;0.15000000000000002
8.6;0.15000000000000002
8.6;0.2
8.65;0.2
8.700000000000001;0.2
8.75;0.2
8.8;0.2
8.85;0.2
8.9;0.2
8.950000000000001;0.2
9.0;0.2
9.05;0.2
9.1;0.2
9.15;0.2
9.200000000000001;0.2
9.25;0.2
9.3;0.2
9.35;0.2
9.4;0.2
9.450000000000001;0.2
9.5;0.2
9.5;0.25
9.55;0.25
9.600000000000001;0.25
9.65;0.25
9.700000000000001;0.25
9.75;0.25
9.8;0.25
9.850000000000001;0.25
9.9;0.25
9.950000000000001;0.25
10.0;0.25
10.05;0.25
10.100000000000001;0.25
10.15;0.25
10.200000000000001;0.25
10.200000000000001;0.30000000000000004
10.25;0.30000000000000004
10.3;0.30000000000000004
10.350000000000001;0.30000000000000004
10.4;0.30000000000000004
10.450000000000001;0.30000000000000004
10.5;0.30000000000000004
10.55;0.30000000000000004
10.600000000000001;0.30000000000000004
10.65;0.30000000000000004
10.700000000000001;0.30000000000000004
10.75;0.30000000000000004
10.8;0.30000000000000004
10.850000000000001;0.30000000000000004
10.850000000000001;0.35000000000000003
10.9;0.35000000000000003
10.950000000000001;0.35000000000000003
11.0;0.35000000000000003
11.05;0.35000000000000003
11.100000000000001;0.35000000000000003
11.15;0.35000000000000003
11.200000000000001;0.35000000000000003
11.25;0.35000000000000003
11.3;0.35000000000000003
11.350000000000001;0.35000000000000003
11.350000000000001;0.4
11.4;0.4
11.450000000000001;0.4
11.5;0.4
11.55;0.4
11.600000000000001;0.4
11.65;0.4
11.700000000000001;0.4
11.75;0.4
11.8;0.4
11.850000000000001;0.4
11.850000000000001;0.45
11.9;0.45
11.950000000000001;0.45
12.0;0.45
12.05;0.45
12.100000000000001;0.45
12.15;0.45
12.200000000000001;0.45
12.25;0.45
12.3;0.45
12.3;0.5
12.350000000000001;0.5
12.4;0.5
12.450000000000001;0.5
12.5;0.5
12.55;0.5
12.600000000000001;0.5
12.65;0.5
12.700000000000001;0.5
12.700000000000001;0.55
12.75;0.55
12.8;0.55
12.850000000000001;0.55
12.9;0.55
12.950000000000001;0.55
13.0;0.55
13.05;0.55
13.100000000000001;0.55
13.100000000000001;0.6000000000000001
13.15;0.6000000000000001
13.200000000000001;0.6000000000000001
13.25;0.6000000000000001
13.3;0.6000000000000001
13.350000000000001;0.6000000000000001
13.4;0.6000000000000001
13.450000000000001;0.6000000000000001
13.450000000000001;0.65
13.5;0.65
13.55;0.65
13.600000000000001;0.65
13.65;0.65
13.700000000000001;0.65
13.75;0.65
13.75;0.7000000000000001
13.8;0.7000000000000001
13.850000000000001;0.7000000000000001
13.9;0.7000000000000001
13.950000000000001;0.7000000000000001
14.0;0.7000000000000001
14.05;0.7000000000000001
14.05;0.75
14.100000000000001;0.75
14.15;0.75
14.200000000000001;0.75
14.25;0.75
14.3;0.75
14.350000000000001;0.75
14.350000000000001;0.8
14.4;0.8
14.450000000000001;0.8
14.5;0.8
14.55;0.8
14.600000000000001;0.8
14.65;0.8
14.65;0.8500000000000001
14.700000000000001;0.8500000000000001
14.75;0.8500000000000001
14.8;0.8500000000000001
14.850000000000001;0.8500000000000001
14.9;0.8500000000000001
14.950000000000001;0.8500000000000001
14.950000000000001;0.9
15.0;0.9
15.05;0.9
15.100000000000001;0.9
15.15;0.9
15.200000000000001;0.9
15.200000000000001;0.9500000000000001
15.25;0.9500000000000001
15.3;0.9500000000000001
15.350000000000001;0.9500000000000001
15.4;0.9500000000000001
15.450000000000001;0.9500000000000001
15.450000000000001;1.0
15.5;1.0
15.55;1.0
15.600000000000001;1.0
15.65;1.0
15.700000000000001;1.0
15.700000000000001;1.05
15.75;1.05
15.8;1.05
15.850000000000001;1.05
15.9;1.05
15.9;1.1
15.950000000000001;1.1
16.0;1.1
16.05;1.1
16.1;1.1
16.150000000000002;1.1
16.150000000000002;1.1500000000000001
16.2;1.1500000000000001
16.25;1.1500000000000001
16.3;1.1500000000000001
16.35;1.1500000000000001
16.35;1.2000000000000002
16.400000000000002;1.2000000000000002
16.45;1.2000000000000002
16.5;1.2000000000000002
16.55;1.2000000000000002
16.6;1.2000000000000002
16.6;1.25
16.650000000000002;1.25
16.7;1.25
16.75;1.25
16.8;1.25
16.8;1.3
16.85;1.3
16.900000000000002;1.3
16.95;1.3
17.0;1.3
17.0;1.35
17.05;1.35
17.1;1.35
17.150000000000002;1.35
17.2;1.35
17.2;1.4000000000000001
17.25;1.4000000000000001
17.3;1.4000000000000001
17.35;1.4000000000000001
17.35;1.4500000000000002
17.400000000000002;1.4500000000000002
17.45;1.4500000000000002
17.5;1.4500000000000002
17.55;1.4500000000000002
17.55;1.5
17.6;1.5
17.650000000000002;1.5
17.7;1.5
17.75;1.5
17.75;1.55
17.8;1.55
17.85;1.55
17.900000000000002;1.55
17.900000000000002;1.6
17.95;1.6
18.0;1.6
18.05;1.6
18.1;1.6
18.1;1.6500000000000001
18.150000000000002;1.6500000000000001
18.2;1.6500000000000001
18.25;1.6500000000000001
18.25;1.7000000000000002
18.3;1.7000000000000002
18.35;1.7000000000000002
18.400000000000002;1.7000000000000002
18.400000000000002;1.75
18.45;1.75
18.5;1.75
18.55;1.75
18.6;1.75
18.6;1.8
18.650000000000002;1.8
18.7;1.8
18.75;1.8
18.75;1.85
18.8;1.85
18.85;1.85
18.900000000000002;1.85
18.900000000000002;1.9000000000000001
18.95;1.9000000000000001
19.0;1.9000000000000001
19.05;1.9000000000000001
19.05;1.9500000000000002
19.1;1.9500000000000002
19.150000000000002;1.9500000000000002
19.200000000000003;1.9500000000000002
19.200000000000003;2.0
19.25;2.0
19.3;2.0
19.35;2.0
19.35;2.0500000000000003
19.400000000000002;2.0500000000000003
19.450000000000003;2.0500000000000003
19.5;2.0500000000000003
19.5;2.1
19.55;2.1
19.6;2.1
19.6;2.15
19.650000000000002;2.15
19.700000000000003;2.15
19.75;2.15
19.75;2.2
19.8;2.2
19.85;2.2
19.900000000000002;2.2
19.900000000000002;2.25
19.950000000000003;2.25
20.0;2.25
20.05;2.25
20.05;2.3000000000000003
20.1;2.3000000000000003
20.150000000000002;2.3000000000000003
20.150000000000002;2.35
20.200000000000003;2.35
20.25;2.35
20.3;2.35
20.3;2.4000000000000004
20.35;2.4000000000000004
20.400000000000002;2.4000000000000004
20.400000000000002;2.45
20.450000000000003;2.45
20.5;2.45
20.55;2.45
20.55;2.5
20.6;2.5
20.650000000000002;2.5
20.650000000000002;2.5500000000000003
20.700000000000003;2.5500000000000003
20.75;2.5500000000000003
20.8;2.5500000000000003
20.8;2.6
20.85;2.6
20.900000000000002;2.6
20.900000000000002;2.6500000000000004
20.950000000000003;2.6500000000000004
21.0;2.6500000000000004
21.0;2.7
21.05;2.7
21.1;2.7
21.1;2.75
21.150000000000002;2.75
21.200000000000003;2.75
21.25;2.75
21.25;2.8000000000000003
21.3;2.8000000000000003
21.35;2.8000000000000003
21.35;2.85
21.400000000000002;2.85
21.450000000000003;2.85
21.450000000000003;2.9000000000000004
21.5;2.9000000000000004
21.55;2.9000000000000004
21.55;2.95
21.6;2.95
21.650000000000002;2.95
21.650000000000002;3.0
21.700000000000003;3.0
21.75;3.0
21.75;3.0500000000000003
21.8;3.0500000000000003
21.85;3.0500000000000003
21.85;3.1
21.900000000000002;3.1
21.950000000000003;3.1
21.950000000000003;3.1500000000000004
22.0;3.1500000000000004
22.05;3.1500000000000004
22.05;3.2
22.1;3.2
22.150000000000002;3.2
22.150000000000002;3.25
22.200000000000003;3.25
22.25;3.25
22.25;3.3000000000000003
22.3;3.3000000000000003
22.35;3.3000000000000003
22.35;3.35
22.400000000000002;3.35
22.450000000000003;3.35
22.450000000000003;3.4000000000000004
22.5;3.4000000000000004
22.55;3.4000000000000004
22.55;3.45
22.6;3.45
22.650000000000002;3.45
22.650000000000002;3.5
22.700000000000003;3.5
22.700000000000003;3.5500000000000003
22.75;3.5500000000000003
22.8;3.5500000000000003
22.8;3.6
22.85;3.6
22.900000000000002;3.6
22.900000000000002;3.6500000000000004
22.950000000000003;3.6500000000000004
23.0;3.6500000000000004
23.0;3.7
23.05;3.7
23.05;3.75
23.1;3.75
23.150000000000002;3.75
23.150000000000002;3.8000000000000003
23.200000000000003;3.8000000000000003
23.25;3.8000000000000003
23.25;3.85
23.3;3.85
23.3;3.9000000000000004
23.35;3.9000000000000004
23.400000000000002;3.9000000000000004
23.400000000000002;3.95
23.450000000000003;3.95
23.450000000000003;4.0
23.5;4.0
23.55;4.0
23.55;4.05
23.6;4.05
23.6;4.1000000000000005
23.650000000000002;4.1000000000000005
23.700000000000003;4.1000000000000005
23.700000000000003;4.15
23.75;4.15
23.75;4.2
23.8;4.2
23.85;4.2
23.85;4.25
23.900000000000002;4.25
23.900000000000002;4.3
23.950000000000003;4.3
24.0;4.3
24.0;4.3500000000000005
24.05;4.3500000000000005
24.05;4.4
24.1;4.4
24.150000000000002;4.4
24.150000000000002;4.45
24.200000000000003;4.45
24.200000000000003;4.5
24.25;4.5
24.25;4.55
24.3;4.55
24.35;4.55
24.35;4.6000000000000005
24.400000000000002;4.6000000000000005
24.400000000000002;4.65
24.450000000000003;4.65
24.450000000000003;4.7
24.5;4.7
24.55;4.7
24.55;4.75
24.6;4.75
24.6;4.800000000000001
24.650000000000002;4.800000000000001
24.650000000000002;4.8500000000000005
24.700000000000003;4.8500000000000005
24.700000000000003;4.9
24.75;4.9
24.8;4.9
24.8;4.95
24.85;4.95
24.85;5.0
24.900000000000002;5.0
24.900000000000002;5.050000000000001
24.950000000000003;5.050000000000001
24.950000000000003;5.1000000000000005
25.0;5.1000000000000005
25.0;5.15
25.05;5.15
25.05;5.2
25.1;5.2
25.150000000000002;5.2
25.150000000000002;5.25
25.200000000000003;5.25
25.200000000000003;5.300000000000001
25.25;5.300000000000001
25.25;5.3500000000000005
25.3;5.3500000000000005
25.3;5.4
25.35;5.4
25.35;5.45
25.400000000000002;5.45
25.400000000000002;5.5
25.450000000000003;5.5
25.450000000000003;5.550000000000001
25.5;5.550000000000001
25.5;5.6000000000000005
25.55;5.6000000000000005
25.55;5.65
25.6;5.65
25.6;5.7
25.650000000000002;5.7
25.650000000000002;5.75
25.700000000000003;5.75
25.700000000000003;5.800000000000001
25.75;5.800000000000001
25.75;5.8500000000000005
25.8;5.8500000000000005
25.8;5.9
25.85;5.9
25.85;5.95
25.900000000000002;5.95
25.900000000000002;6.0
25.950000000000003;6.0
25.950000000000003;6.050000000000001
26.0;6.050000000000001
26.0;6.1000000000000005
26.05;6.1000000000000005
26.05;6.15
26.1;6.15
26.1;6.2
26.150000000000002;6.2
26.150000000000002;6.25
26.200000000000003;6.25
26.200000000000003;6.300000000000001
26.200000000000003;6.3500000000000005
26.25;6.3500000000000005
26.25;6.4
26.3;6.4
26.3;6.45
26.35;6.45
26.35;6.5
26.400000000000002;6.5
26.400000000000002;6.550000000000001
26.450000000000003;6.550000000000001
26.450000000000003;6.6000000000000005
26.450000000000003;6.65
26.5;6.65
26.5;6.7
26.55;6.7
26.55;6.75
26.6;6.75
26.6;6.800000000000001
26.6;6.8500000000000005
26.650000000000002;6.8500000000000005
26.650000000000002;6.9
26.700000000000003;6.9
26.700000000000003;6.95
26.75;6.95
26.75;7.0
26.75;7.050000000000001
26.8;7.050000000000001
26.8;7.1000000000000005
26.85;7.1000000000000005
26.85;7.15
26.900000000000002;7.15
26.900000000000002;7.2
26.900000000000002;7.25
26.950000000000003;7.25
26.950000000000003;7.300000000000001
27.0;7.300000000000001
27.0;7.3500000000000005
27.0;7.4
27.05;7.4
27.05;7.45
27.1;7.45
27.1;7.5
27.1;7.550000000000001
27.150000000000002;7.550000000000001
27.150000000000002;7.6000000000000005
27.150000000000002;7.65
27.200000000000003;7.65
27.200000000000003;7.7
27.25;7.7
27.25;7.75
27.25;7.800000000000001
27.3;7.800000000000001
27.3;7.8500000000000005
27.3;7.9
27.35;7.9
27.35;7.95
27.400000000000002;7.95
27.400000000000002;8.0
27.400000000000002;8.05
27.450000000000003;8.05
27.450000000000003;8.1
27.450000000000003;8.15
27.5;8.15
27.5;8.200000000000001
27.5;8.25
27.55;8.25
27.55;8.3
27.55;8.35
27.6;8.35
27.6;8.4
27.6;8.450000000000001
27.650000000000002;8.450000000000001
27.650000000000002;8.5
27.650000000000002;8.55
27.700000000000003;8.55
27.700000000000003;8.6
27.700000000000003;8.65
27.75;8.65
27.75;8.700000000000001
27.75;8.75
27.75;8.8
27.8;8.8
27.8;8.85
27.8;8.9
27.85;8.9
27.85;8.950000000000001
27.85;9.0
27.900000000000002;9.0
27.900000000000002;9.05
27.900000000000002;9.1
27.900000000000002;9.15
27.950000000000003;9.15
27.950000000000003;9.200000000000001
27.950000000000003;9.25
27.950000000000003;9.3
28.0;9.3
28.0;9.35
28.0;9.4
28.0;9.450000000000001
28.05;9.450000000000001
28.05;9.5
28.05;9.55
28.05;9.600000000000001
28.1;9.600000000000001
28.1;9.65
28.1;9.700000000000001
28.1;9.75
28.150000000000002;9.75
28.150000000000002;9.8
28.150000000000002;9.850000000000001
28.150000000000002;9.9
28.150000000000002;9.950000000000001
28.200000000000003;9.950000000000001
28.200000000000003;10.0
28.200000000000003;10.05
28.200000000000003;10.100000000000001
28.200000000000003;10.15
28.25;10.15
28.25;10.200000000000001
28.25;10.25
28.25;10.3
28.25;10.350000000000001
28.25;10.4
28.3;10.4
28.3;10.450000000000001
28.3;10.5
28.3;10.55
28.3;10.600000000000001
28.3;10.65
28.3;10.700000000000001
28.35;10.700000000000001
28.35;10.75
28.35;10.8
28.35;10.850000000000001
28.35;10.9
28.35;10.950000000000001
28.35;11.0
28.35;11.05
28.35;11.100000000000001
28.35;11.15
28.400000000000002;11.15
28.400000000000002;11.200000000000001
28.400000000000002;11.25
28.400000000000002;11.3
28.400000000000002;11.350000000000001
28.400000000000002;11.4
28.400000000000002;11.450000000000001
28.400000000000002;11.5
28.400000000000002;11.55
28.400000000000002;11.600000000000001
28.400000000000002;11.65
28.400000000000002;11.700000000000001
28.400000000000002;11.75
28.400000000000002;11.8
28.35;11.8
28.35;11.850000000000001
28.35;11.9
28.35;11.950000000000001
28.35;12.0
28.35;12.05
28.35;12.100000000000001
28.35;12.15
28.35;12.200000000000001
28.35;12.25
28.3;12.25
28.3;12.3
28.3;12.350000000000001
28.3;12.4
28.3;12.450000000000001
28.3;12.5
28.25;12.5
28.25;12.55
28.25;12.600000000000001
28.25;12.65
28.25;12.700000000000001
28.200000000000003;12.700000000000001
28.200000000000003;12.75
28.200000000000003;12.8
28.200000000000003;12.850000000000001
28.150000000000002;12.850000000000001
28.150000000000002;12.9
28.150000000000002;12.950000000000001
28.150000000000002;13.0
28.1;13.0
28.1;13.05
28.1;13.100000000000001
28.1;13.15
28.05;13.15
28.05;13.200000000000001
28.05;13.25
28.0;13.25
28.0;13.3
28.0;13.350000000000001
27.950000000000003;13.350000000000001
27.950000000000003;13.4
27.950000000000003;13.450000000000001
27.900000000000002;13.450000000000001
27.900000000000002;13.5
27.85;13.5
27.85;13.55
27.85;13.600000000000001
27.8;13.600000000000001
27.8;13.65
27.75;13.65
27.75;13.700000000000001
27.75;13.75
27.700000000000003;13.75
27.700000000000003;13.8
27.650000000000002;13.8
27.650000000000002;13.850000000000001
27.6;13.850000000000001
27.6;13.9
27.55;13.9
27.55;13.950000000000001
27.55;14.0
27.5;14.0
27.5;14.05
27.450000000000003;14.05
27.400000000000002;14.05
27.400000000000002;14.100000000000001
27.35;14.100000000000001
27.35;14.15
27.3;14.15
27.3;14.200000000000001
27.25;14.200000000000001
27.25;14.25
27.200000000000003;14.25
27.200000000000003;14.3
27.150000000000002;14.3
27.1;14.3
27.1;14.350000000000001
27.05;14.350000000000001
27.05;14.4
27.0;14.4
26.950000000000003;14.4
26.950000000000003;14.450000000000001
26.900000000000002;14.450000000000001
26.85;14.450000000000001
26.85;14.5
26.8;14.5
26.75;14.5
26.75;14.55
26.700000000000003;14.55
26.650000000000002;14.55
26.650000000000002;14.600000000000001
26.6;14.600000000000001
26.55;14.600000000000001
26.5;14.600000000000001
26.5;14.65
26.450000000000003;14.65
26.400000000000002;14.65
26.35;14.65
26.35;14.700000000000001
26.3;14.700000000000001
26.25;14.700000000000001
26.200000000000003;14.700000000000001
26.150000000000002;14.700000000000001
26.1;14.700000000000001
26.1;14.75
26.05;14.75
26.0;14.75
25.950000000000003;14.75
25.900000000000002;14.75
25.85;14.75
25.8;14.75
25.8;14.8
25.75;14.8
25.700000000000003;14.8
25.650000000000002;14.8
25.6;14.8
25.55;14.8
25.5;14.8
25.450000000000003;14.8
25.400000000000002;14.8
25.35;14.8
25.3;14.8
25.25;14.8
25.200000000000003;14.8
25.150000000000002;14.8
25.1;14.8
25.05;14.8
25.0;14.8
25.0;14.75
24.950000000000003;14.75
24.900000000000002;14.75
24.85;14.75
24.8;14.75
24.75;14.75
24.700000000000003;14.75
24.650000000000002;14.75
24.6;14.75
24.6;14.700000000000001
24.55;14.700000000000001
24.5;14.700000000000001
24.450000000000003;14.700000000000001
24.400000000000002;14.700000000000001
24.35;14.700000000000001
24.3;14.700000000000001
24.3;14.65
24.25;14.65
24.200000000000003;14.65
24.150000000000002;14.65
24.1;14.65
24.05;14.65
24.05;14.600000000000001
24.0;14.600000000000001
23.950000000000003;14.600000000000001
23.900000000000002;14.600000000000001
23.85;14.600000000000001
23.85;14.55
23.8;14.55
23.75;14.55
23.700000000000003;14.55
23.650000000000002;14.55
23.650000000000002;14.5
23.6;14.5
23.55;14.5
23.5;14.5
23.5;14.450000000000001
23.450000000000003;14.450000000000001
23.400000000000002;14.450000000000001
23.35;14.450000000000001
23.3;14.450000000000001
23.3;14.4
23.25;14.4
23.200000000000003;14.4
23.150000000000002;14.4
23.150000000000002;14.350000000000001
23.1;14.350000000000001
23.05;14.350000000000001
23.0;14.350000000000001
23.0;14.3
22.950000000000003;14.3
22.900000000000002;14.3
22.85;14.3
22.85;14.25
22.8;14.25
22.75;14.25
22.700000000000003;14.25
22.700000000000003;14.200000000000001
22.650000000000002;14.200000000000001
22.6;14.200000000000001
22.6;14.15
22.55;14.15
22.5;14.15
22.450000000000003;14.15
22.450000000000003;14.100000000000001
22.400000000000002;14.100000000000001
22.35;14.100000000000001
22.3;14.100000000000001
22.3;14.05
22.25;14.05
22.200000000000003;14.05
22.200000000000003;14.0
22.150000000000002;14.0
22.1;14.0
22.05;14.0
22.05;13.950000000000001
22.0;13.950000000000001
21.950000000000003;13.950000000000001
21.900000000000002;13.950000000000001
21.900000000000002;13.9
21.85;13.9
21.8;13.9
21.8;13.850000000000001
21.75;13.850000000000001
21.700000000000003;13.850000000000001
21.700000000000003;13.8
21.650000000000002;13.8
21.6;13.8
21.55;13.8
21.55;13.75
21.5;13.75
21.450000000000003;13.75
21.450000000000003;13.700000000000001
21.400000000000002;13.700000000000001
21.35;13.700000000000001
21.3;13.700000000000001
21.3;13.65
21.25;13.65
21.200000000000003;13.65
21.200000000000003;13.600000000000001
21.150000000000002;13.600000000000001
21.1;13.600000000000001
21.1;13.55
21.05;13.55
21.0;13.55
20.950000000000003;13.55
20.950000000000003;13.5
20.900000000000002;13.5
20.85;13.5
20.85;13.450000000000001
20.8;13.450000000000001
20.75;13.450000000000001
20.75;13.4
20.700000000000003;13.4
20.650000000000002;13.4
20.650000000000002;13.350000000000001
20.6;13.350000000000001
20.55;13.350000000000001
20.5;13.350000000000001
20.5;13.3
20.450000000000003;13.3
20.400000000000002;13.3
20.400000000000002;13.25
20.35;13.25
20.3;13.25
20.3;13.200000000000001
20.25;13.200000000000001
20.200000000000003;13.200000000000001
20.200000000000003;13.15
20.150000000000002;13.15
20.1;13.15
20.1;13.100000000000001
20.05;13.100000000000001
20.0;13.100000000000001
19.950000000000003;13.100000000000001
19.950000000000003;13.05
19.900000000000002;13.05
19.85;13.05
19.85;13.0
19.8;13.0
19.75;13.0
19.75;12.950000000000001
19.700000000000003;12.950000000000001
19.650000000000002;12.950000000000001
19.650000000000002;12.9
19.6;12.9
19.55;12.9
19.55;12.850000000000001
19.5;12.850000000000001
19.450000000000003;12.850000000000001
19.450000000000003;12.8
19.400000000000002;12.8
19.35;12.8
19.3;12.8
19.3;12.75
19.25;12.75
19.200000000000003;12.75
19.200000000000003;12.700000000000001
19.150000000000002;12.700000000000001
19.1;12.700000000000001
19.1;12.65
19.05;12.65
19.0;12.65
19.0;12.600000000000001
18.95;12.600000000000001
18.900000000000002;12.600000000000001
18.900000000000002;12.55
18.85;12.55
18.8;12.55
18.75;12.55
18.75;12.5
18.7;12.5
18.650000000000002;12.5
18.650000000000002;12.450000000000001
18.6;12.450000000000001
18.55;12.450000000000001
18.55;12.4
18.5;12.4
18.45;12.4
18.45;12.350000000000001
18.400000000000002;12.350000000000001
18.35;12.350000000000001
18.35;12.3
18.3;12.3
18.25;12.3
18.25;12.25
18.2;12.25
18.150000000000002;12.25
18.1;12.25
18.1;12.200000000000001
18.05;12.200000000000001
18.0;12.200000000000001
18.0;12.15
17.95;12.15
17.900000000000002;12.15
17.900000000000002;12.100000000000001
17.85;12.100000000000001
17.8;12.100000000000001
17.8;12.05
17.75;12.05
17.7;12.05
17.650000000000002;12.05
17.650000000000002;12.0
17.6;12.0
17.55;12.0
17.55;11.950000000000001
17.5;11.950000000000001
17.45;11.950000000000001
17.45;11.9
17.400000000000002;11.9
17.35;11.9
17.35;11.850000000000001
17.3;11.850000000000001
17.25;11.850000000000001
17.2;11.850000000000001
17.2;11.8
17.150000000000002;11.8
17.1;11.8
17.1;11.75
17.05;11.75
17.0;11.75
17.0;11.700000000000001
16.95;11.700000000000001
16.900000000000002;11.700000000000001
16.900000000000002;11.65
16.85;11.65
16.8;11.65
16.75;11.65
16.75;11.600000000000001
16.7;11.600000000000001
16.650000000000002;11.600000000000001
16.650000000000002;11.55
16.6;11.55
16.55;11.55
16.55;11.5
16.5;11.5
16.45;11.5
16.400000000000002;11.5
16.400000000000002;11.450000000000001
16.35;11.450000000000001
16.3;11.450000000000001
16.3;11.4
16.25;11.4
16.2;11.4
16.150000000000002;11.4
16.150000000000002;11.350000000000001
16.1;11.350000000000001
16.05;11.350000000000001
16.05;11.3
16.0;11.3
15.950000000000001;11.3
15.950000000000001;11.25
15.9;11.25
15.850000000000001;11.25
15.8;11.25
15.8;11.200000000000001
15.75;11.200000000000001
15.700000000000001;11.200000000000001
15.700000000000001;11.15
15.65;11.15
15.600000000000001;11.15
15.55;11.15
15.55;11.100000000000001
15.5;11.100000000000001
15.450000000000001;11.100000000000001
15.450000000000001;11.05
15.4;11.05
15.350000000000001;11.05
15.3;11.05
15.3;11.0
15.25;11.0
15.200000000000001;11.0
15.15;11.0
15.15;10.950000000000001
15.100000000000001;10.950000000000001
15.05;10.950000000000001
15.05;10.9
15.0;10.9
14.950000000000001;10.9
14.9;10.9
14.9;10.850000000000001
14.850000000000001;10.850000000000001
14.8;10.850000000000001
14.75;10.850000000000001
14.75;10.8
14.700000000000001;10.8
14.65;10.8
14.65;10.75
14.600000000000001;10.75
14.55;10.75
14.5;10.75
14.5;10.700000000000001
14.450000000000001;10.700000000000001
14.4;10.700000000000001
14.350000000000001;10.700000000000001
14.350000000000001;10.65
14.3;10.65
14.25;10.65
14.200000000000001;10.65
14.200000000000001;10.600000000000001
14.15;10.600000000000001
14.100000000000001;10.600000000000001
14.100000000000001;10.55
14.05;10.55
14.0;10.55
13.950000000000001;10.55
13.950000000000001;10.5
13.9;10.5
13.850000000000001;10.5
13.8;10.5
13.8;10.450000000000001
13.75;10.450000000000001
13.700000000000001;10.450000000000001
13.65;10.450000000000001
13.65;10.4
13.600000000000001;10.4
13.55;10.4
13.5;10.4
13.5;10.350000000000001
13.450000000000001;10.350000000000001
13.4;10.350000000000001
13.350000000000001;10.350000000000001
13.350000000000001;10.3
13.3;10.3
13.25;10.3
13.200000000000001;10.3
13.200000000000001;10.25
13.15;10.25
13.100000000000001;10.25
13.05;10.25
13.0;10.25
13.0;10.200000000000001
12.950000000000001;10.200000000000001
12.9;10.200000000000001
12.850000000000001;10.200000000000001
12.850000000000001;10.15
12.8;10.15
12.75;10.15
12.700000000000001;10.15
12.700000000000001;10.100000000000001
12.65;10.100000000000001
12.600000000000001;10.100000000000001
12.55;10.100000000000001
12.5;10.100000000000001
12.5;10.05
12.450000000000001;10.05
12.4;10.05
12.350000000000001;10.05
12.350000000000001;10.0
12.3;10.0
12.25;10.0
12.200000000000001;10.0
12.200000000000001;9.950000000000001
12.15;9.950000000000001
12.100000000000001;9.950000000000001
12.05;9.950000000000001
12.0;9.950000000000001
12.0;9.9
11.950000000000001;9.9
11.9;9.9
11.850000000000001;9.9
11.8;9.9
11.8;9.850000000000001
11.75;9.850000000000001
11.700000000000001;9.850000000000001
11.65;9.850000000000001
11.65;9.8
11.600000000000001;9.8
11.55;9.8
11.5;9.8
11.450000000000001;9.8
11.450000000000001;9.75
11.4;9.75
11.350000000000001;9.75
11.3;9.75
11.25;9.75
11.25;9.700000000000001
11.200000000000001;9.700000000000001
11.15;9.700000000000001
11.100000000000001;9.700000000000001
11.05;9.700000000000001
11.05;9.65
11.0;9.65
10.950000000000001;9.65
